1 0.039965 0.722222 0.049592 0.488889
1 0.099475 0.665278 0.055426 0.597222
1 0.160443 0.619444 0.044341 0.672222
1 0.217036 0.611111 0.050175 0.700000
1 0.276838 0.597222 0.050758 0.716667
1 0.340432 0.601389 0.050758 0.736111
1 0.408110 0.583333 0.064761 0.755556
1 0.479288 0.565278 0.055426 0.780556
1 0.546091 0.559722 0.058343 0.797222
1 0.610268 0.562500 0.051342 0.797222
1 0.673862 0.555556 0.054842 0.805556
1 0.745041 0.523611 0.057176 0.852778
1 0.820595 0.526389 0.061260 0.875000
1 0.891482 0.525000 0.056009 0.894444
1 0.958285 0.498611 0.054259 0.947222
