2 0.356481 0.700145 0.174837 0.599710
2 0.941721 0.636254 0.104575 0.227977
2 0.840959 0.599468 0.093137 0.195063
2 0.719771 0.551791 0.070261 0.150048
2 0.631944 0.494192 0.049292 0.124879
2 0.567402 0.463698 0.039488 0.107454
2 0.528322 0.433204 0.031590 0.099710
2 0.498094 0.417715 0.025054 0.078412
2 0.472086 0.400774 0.021514 0.071636
2 0.450708 0.391578 0.021242 0.058083
2 0.724401 0.292352 0.015251 0.040658
2 0.706972 0.289690 0.014161 0.032430
2 0.679602 0.289690 0.036220 0.040174
2 0.043981 0.585673 0.049837 0.075508
2 0.923066 0.312924 0.153867 0.115682
